$ANSIBLE_VAULT;1.1;AES256
66363864306162626539633862626365366536666165666261303865373238633531313963646430
6237326665653763333366336663623661633032663836350a306163346334366334356434393733
33323237663264643231353764313634383764383366333436373836343036306163653633333134
3734303031666563330a313133663637316235623233333030356433656532613437656138313435
61393063313263373166653534376638326133303838313863333134333762313834376130643833
65353930613436343233316633326239386461663737646633653766656434656366363664383830
64626530623032663264653734363762633665646265636431343864623935333033306661316564
65323132643339366631356134656534613032643236653562323035333430613265333536333466
32643930663633306631356661313033643935666334636363363733343066373139383663353231
37643532313762396435663138333331366532643532613336376635646333363663356633656363
63663564393966393137363334343334326239306435633066393739393561663637356435363335
38636434613966626333633865386233663063643334643437376263346534323032656336623862
30653139646661396234306436303865393864636334653531643534623730623963633632663635
39323136303232313431663636663532373535323936393134373066626463303364356236646161
38646264353631643338313031303330626663623632626533666538333434613838373139376664
62353266386363383138373431333264653535366364373234383039373135616439393034616230
33643161396338643666646239616433393137346164376432636165303739313061383430633035
33303135333939613361646262326338623338663336306438383663313531376332346461623232
38626632363132623063323739623234323235653435373035323939346564663231373230303235
34313435643736333865666365346630626638623265393038626130393664623663626135316132
39373838393234613438653664653665396165653834333035636462353835326132653938623431
39613138346462386265303038666331383838383762303437393762333130343266323238346437
35643034313136363064633963356266333935646235343063623662636333623562323132313664
63653730646635353539396361373865366164313233316436343864333432303264626438616430
66653534623664633233356466633435646465373336336636373964333065386339346566383965
30343562373336613461373733643939613531333335373536653733306561336439333130393163
35663639663236356431366533306337636135613335653235316530333738373234393838303632
64306230346261663534343766613631623337353661623063363435646431383163323937613131
65303961323933363234356436653139323665623566653061646130316264336465316665393138
33383434636235653837336431626662656537346335366636303931336466326630353734343233
323134613833313831353338396439306537
