$ANSIBLE_VAULT;1.1;AES256
33396431346631353432353566656263313964663436386638613564306664666232616163373936
3865656364306535363936663666376439356138643531610a623136396331313536393765363662
62303439326138363637393630393863373139366264376335343364626539633238346433333330
3935633734326531650a373333643937396136633165663066396539666133386164313637363137
65616136353861386432323635376535396562346564626132633231616437316661353464306236
32613231653030303462653638316430316334616630306331636330616663303339623433313936
32373636336539323230623161376663376536646661613762643865343963306433633433353136
34613063646635333561363233613662666361306631383230653131613833343764383237333561
31353032626632656534373662323864363531626535316630656566313066623664363163383765
36383063643062393538313834653338663639666562666234343461393031623133323765376233
64306234366564343262616263636163343166346362666463376331666231623031666464623938
35643032653633383534356566303162366361313861356232386262623335336132636635373236
35346336313435613864643061346164646561636137333230646263393866393236383565326666
33653633353437393865383932373961653764323363373133393335663631663937306632666136
61363061323635333737323361303533623331643036333661383432353931373363623930306336
37333164313330616431653739363532343566616261393632393237666565656332373733363439
38383165393138366331353137653266663433326539323131626638636639313036626465333031
66303635656231366330653161623430306536323335306138386564363534313633643232346439
35373965323230343834336539663862646564333839653965303734306335356564333733643630
35343134646638313331633966363631633730303734653734396663323833343332393030323131
65396530626434626635336262353333313161623335303864323239663134343430616333623039
61353633313965396131313337653933656165393330653736623465336530663665313538636332
37623634353337383736613161643165386465653939303034643264636333663832393166653239
30343134366233323532316265313334623963323130373864393639363533383432613064383863
66396561393635326636636362396262623065343238373863353363316232623366346636656130
62663637633364353364386366336434383961393734363161653135333133313839313734313334
61633665613562646433653133333639393335666638623661366239393031643236333634633866
61323634356163376533356430383461613733653337316365366163656464356466326630656535
35363236646564373664663433346463653535353262616362646233323533313635376466346564
63393237613465386261613165653333646334303831643335353962373230316263643131366463
31396131643632663132373066366336633533636365323561373363373664636634336634356239
30653932326134353466643637323039306536343932343063323663303264343265353665353533
37383964353561363033306435303436333538396538333033306436356361396164323838656634
39393631626536353330623263313031356138656237616435386230333832393630313734383732
38633739383437643839363664393831336533666562613136613161353031333833326537303834
32366139616132353163663162366431623663653865353635326330646236616136383030623431
39343761383231663231653061353436346236356635633864326530373131643936633236643062
65363036313961313338393632613231643365326639313833333939633763343636633538653562
30623636663336616462616461356466316337613763616161346466333030623433663632616238
39343939636530653262383466663738363339386434303331383865306237323233643638613131
30343230306436316666346634616135366461353039366433343832393833353936663836643336
34613965653232363539336662343536636233323462313362336134656133326634383635306338
65663330663739396162343532333264326138643933363630363239326431346266333262656165
30663436633733383330353334303236653830633633386337306565613432613664623936383934
63343764303761373636393562313731653831376534616563623732353737393936346666356337
61623163393632636633653230323735333735663231303362343336363362313039656163613562
37623461316335316261346132663936396438356664666634376264616237323932303035316665
64383835323133656334633039613163323333306362333562353066383238623362646566383465
31363135363162353865306430396235376662313462383137323763333461376161
