$ANSIBLE_VAULT;1.1;AES256
34313465643139376662303437363533633737353738613431323137326366366461356166386562
3638663737366362316330646533376366306333333537330a663136633932353161363730626338
34363035643731303038346566613937303630313635653437343238363435373131346233323739
3766636565386236620a346233323161633537613532396139333330303630663335393062343962
34336234613864663064373738393465323733383234656432366461303561623434646364623239
63653665363936636365633030613433653537396232616432316162313237336261626162333432
39313764363831376435633237636231343034343934633632326132653763306431643933313963
36613537663863653930643862663864373766343964346538383933663166636263663832383331
35323833333465363138333639613137653233613334323666313162306233326162396463373965
37376164343764646639303130323132316439663362613933303666353165653531346430316538
30623036633562643034643039663534396663633535313033366132616663343037633233386563
63653732356163393032663363613231353631306362323961373136663635616633323665316465
32653436623230646436326566346238656138616330623533313536653264313064656365363064
62363961663539636235306461393961303839396563613139396363636632616236636230316565
32613135643561343163656561616238623439636337643365633166306266383038623931366164
39653237393831333137333366633265663630613039316432343531663137323261343835333662
34343932303462623365313666663566636134343564366539353331643865303932643935313262
36636136663038383832346234343630323038353030313063386233633661656630353263646162
64323361383965346664333865336135333065616431336364656665346636343065313666396130
66653632663935373862616266626133646666633835313962383637396535353839386235363262
35396365376637663865393165333139313332313338613638333330313438323133643536353137
32643137343436643438373932313765663264313838343462306131636530336637383836616534
31323134623432313332616231623339313962313637613334386363356135656531626265343038
37396161636130326536323032616433343137373939363163653031666633613533386534323032
33363366396130666665353861393661653539303666393937343163363133363861303939643962
31323564393439633966653336363464616166323435316463623438353933323562353830623765
66623839333864303033333638623764383461306264643932376139393235613930646133613739
33323730643939643035356664636233633561313763303866336462323465616163613263376438
38376239393764356364393665343930386565653933623732386135383432656439326365343837
37666436663732333466326236626433306366383763303631303931336432326433316538656463
61663162303338623934633834393831323931393333343430383738653965663335336662613239
39323465383138616333353831326236656461353936373663666164356564636633636330323035
36663763386334656137343030333037343836316438396237393138353634336536356530356362
36306530383637643034653635613836386134633430653566373430356563356161666165393537
36303833313434313761383830623233376330346136626165303636383834623532626137383330
61633731383434356431613730326136636138626332396336656464636636366234326332353938
33613831646562353963663563376165346336363232656135383433373933613730326334643637
34383663393238373964303763333236303863633533666438346461666665366463336533336532
63633231366532626561303932623261306265346330356139633965613233356532666464346562
37663037656638386265633937383930396564366633383865633836303038636666663738643037
62373965383632393462616461333839353534656364643964613638643536343838356533353132
36393130376161613766386439383131663635353366333736373936653037633931306663393164
31366363666564326566613438313166623736373063623834373637636332363238373738303065
30306364666566626461323663393331306364376663643839646465353864383161376233623131
62333864343663383866643035383066343961663964666637633166636532376465376137333531
62323630646336613661326337333664653932316263663162653162386635386566396337653665
36383134303137323130356537363038306664353330336638663037333833313830396466316662
66393164613463373830636137376639376530363531306431636465363230363839623764356536
31646638346431663432666663353936643732363936626333653066313237663963356137376333
64303130333132343037303834653765303563343966633766376635616632666233613534363464
35663966626333303163366236626366633439303738363935376232333238363061636665636665
32343339643434303631633834643930656336633862306165643230633330653639646133646539
31656130343230303831326232383031363136343839663839386630323238636265333432386163
32653961363664623565383566346135396438303535313830306133306663643534383238353566
33373130356437623034616434633361643334616133356531336264323435636365643631316262
62653761633833363130623936656166656365326336336538313966623635326332323064326335
39343839393635656530653566383532353636616465666537363362663062656530616162303530
37376466613230356331303137616361396665623739383764353365616161616437656634613566
37666433333632326131356139356537383130316236356662643937336334646662653831613864
62316132363535656430323364313030343766653331393933336633376136653164353539383862
38303434346636323566653164633838653634343937356532613561663264303663333530656234
61313036313563333236653866643534636532616135373761396263303831656536303364633464
30306638396166393736616366343838373063313430663131343636663631353064376365336338
65636338376539323364643432346466313830636536336336666161366162386232643838623263
34343537656564626639333263333833326365666132336561626336646465323761366331626161
62363939366665393035646135613862343436313635336236663633343334656630326631333939
39353265666637643131326633653465313033643031636665343766643639666562613763663262
63366538326531373062616532386134313639313563613733623733623737356564373938313935
33616434633432376532643437663163613862336363656334313165393061353635323161346133
63303638633638313266646464306161623037333737663866393666666434636533346138653362
61383462633431363039363331663331326633396466303939333565386532306662393732663630
35636665636432313234663437643737333337616564316334356334306566666338356361643966
35353335373735326631666264656131656665346530616365383863393130333931386433303230
62643966646230323062363233623131386337396266333537383033323266663434633865303932
65363965633965363135653732636264613630613265636630383165646436306233386331323362
30666431623263366231386136663430383530303164396562656262653336643732383065666438
33386231656337656332623637373963386137623866666332323937663938353066626561633835
39643233373035376365353439353064316435613162616338623232626131613937643239336436
65616237653032323564366632366135656433386137313039353964303661636137616239633537
33333335623961343166616263623539306234313933653666633432343661383461613765666163
61633737353263363138366536656666383365363233376536663334346464383863656138636132
65323834323730386265613134663961316137303030393933643161643063633734353831313362
61353139343831643864383833373431616263643933623262613866666139616363623664343666
35646630653866363263383937343066323762306134613734386239353237386139343438373239
62333935363362643465313939323330356133343433333963633838623130323537313436333836
35663737336434653365653933613634353537626466623063663434653765383032636233383162
30386566356431306432616265306263373664393034633735303462623930346263386236353362
64623032383432646362633832663463313231366439636139313138386333326538636662396530
64343333653337666631653336623832343936616533376633333562623764396463343561633436
62653734623030323533313761343030393565366636643939396431303031303233313131333438
65393864333330356536613037306332363435333065653438336430663635663838623939393134
35393232396231323933653836343737386461316461303637356539653231396231303139623638
31653332656264646266616233393136353865346661363032626138333461353136613535336265
39643661343434346233326666663036386662623433363366346337303930376538323266363638
34373866643266373137343332393039393934313465303666336166366461663937303631616561
32626161393332636339346464343236653764346637303135376661383565653831363062373935
61666334343938306534313465363332653136343865343334663136626638373634613230333135
39386434333066393562393338323963353835326438653137376265393664356231366664353166
38623930636161656264636630353031623562336463353431616665373861333731373938636665
65656337353537656132333665623065316535393466623563646563316263366465643261346365
61363464366131643331666530626632336535333163633865383435343561393062363436613535
30343466303034613737623064393830653231343535313963663161366365336638613262633537
39353166383630363562386139346566653337353964643232343436333934356365356638643562
37623639613934646434343063313437316234323263623263626338616538336439386238323430
63376531636136363265363635656163336263626530323138323364386134376131383039616464
33386337663663366638366165356563653865653364626162376232633531303564356462613766
33306165313039373863356338333435323834363734386335333133356161346661303861333863
61363666363661343164313661613563376661313930636333363132353737393638396161626239
64656632643862633832663563303762646564396661363931626231626266336530636135356638
33633230646133663761353061376133323530623734613865316135383362373233633432623737
35336666333661616535383937393538633465626537363638336334623136336238383438353266
38363163386133663361613365346637386166323333306638313065383932316261303835356661
39613235666665383030663865636466376431343938396431326530653931303339653834616337
38333136613132653664306266646630613831613265616635653563383430323835383336366264
65356438363961636434306561656535623439666263626135313833636564633531346233633333
65666665353566386335613464663331376336303732643461343461653930376366323962396639
32383866313661636430306466343965316131316265353931376635383961363639333031653862
65643534313037333531303563663362663165303263666238363733653837353131383565623165
34373932336233643262653233633834336137363161316332373236366164623766303032353334
34373765373865333031326137616332373331313566646537653033306435303438336637326461
61643730643931663064366534653734393362616631656333366630353366336538376338383664
34313532646462366262396463356437303066623365343438383862386435373330623832383235
36653331656165306437333331306533613634666431386433336634363931306465383662316434
65303365323135393035316561643531306234376663336131343831373239333164396563356334
34643537343038653633663261383535666638353930343731663939666131313361363562663462
30373066323062666132333833306236623134656134356333366133396661656365666463623764
31623365623830396562353631626265616635313462336535613764396231313036646232323335
62336239326339356533623030663233303135323031333237306439326262656138363038313838
35373334366638363531346536303037346164336163383434363836636533343763396566363766
30343837653030316464643038376431653137343035616265633261383839636638616631303765
64363531623833303564303464623439373663643765666332643466663635626634656539643865
35323837623265623566653837323864666631316138613362636136313061343066336664656565
64373464613361323635303661386434343639336434303063383065323039616364633434316264
31643434316438376531653237313033373633623261343764633865656664343838666635363438
63306339626138336632346639323534653032663963376465383964303233373035643162346365
39346538396365623062353738346465613830306535633066316362333933666363393634376637
30646262323665306439393461303934626239343963666364666333613238323133333435666433
35303262636535356134373438666234386133653166346334356166346237393866353365306464
39616364396535656531616438653462343730383030323837343738663631313137303865366333
38333730363839356639653362663337633963663532616432333861396632633861343563316365
36646237633634346633316235313239343865663534383261613335306535656362303461326131
33323639353735316433333533666131353933303965373238326238643838656537303830396466
33373235323939366462323861303466636332333738626564656361326464356661363135303262
36343637326364653830663035633365363834333364326266313139336539633533636133616630
32316466613135643737383065353734646235636635633036333631656535643336356536646135
38316438346537626335633165653433343133363061636663336338326635616434393364383961
35653464666662326634383761356431303736363237353237393030313830656435623436376561
64633163333061313962643465303638643035366338633532646264343236303537643837623334
32316633666135346466336135646235333538303164356235366436343032326537303265653465
61346666623561303261326439633432323830383739383261363531613237643839323732343830
36636432363139353139633535383534306663303166393932356238343431616135343863323661
34653739663562303737303230323137373339326336386330363734653333323265383261633363
65356238366364346561613838383364623366383433366362353039313930366432313836393836
39633833336235623266386131306534336137343964363465663237643361373034326162646137
32663436613361643231643633383336313965333239306261396664313664346364303464333238
66346439336562393961366631666135306363346233353133346261633638323462343665343335
65656635626131343132376333303364333763636433386235656662393239336437646665343233
65333937653436306136373336653364653431323763303763303533306133333766376538343832
39366361616361336131363234363531623265353530393462633633613362666464643065393265
31663661366162326662313564353661346163363339366266346237346532383265333565393262
63306265653735313437663039353965656464303936636532393139383163346636623165346161
34356665356634633832376637396233326363646166393964633832623135353762363538636362
35623436336562616131643035643361353066353231633163623235346532356535313261393830
33343361623336316665643566373363316639336435656237316664353637393030363236613564
62376338636138356438643234613735383231323864383764326164613838343561633466396332
36316133653764613461666331643135633166326564653465316135353735343431626562613336
37336536326137646362636631313039613963636432653366323037313665393438663236643436
37333665643364636138386237323632396363336564353638306438313366656539383630306433
64336638633134613264303430663564333362373961376264323566316235653837353531316338
61646332353933653361613237323837386336616635373235623831306131666138326661336333
66616230373966393730366239643731373364303665653330373666353166386230303539613339
34613166353663303066396139653961666462656232653432643633376438373165326366356661
36323130663938346534366162363839376334343237346335653633373831376666383464346430
61343164666636393437613564346431353232363136343765623734666438396536373539316635
62303530643561656435386636363666343665306132323333646130343232333933643663653837
63386634306565346431313634623732386432663864646562393736616133613165326231383936
62363632663764323033653531626431393036643336663030613432353133373032343737623762
37663034653663313333313531393261336433633437343935326536393838653734366363633038
38363033363864323637333065333032346530636433643664383438613439326334303937626665
31363034336135343961343836396231313266346637313437326530346330326231383364323634
39643862343133383437376234323635323165373861333533613137663632396161623663663139
39373737306436613261306564623063393030626438363836343665616361623763646438656162
37353730623466313733356430396639353535373637353963613363326262613266393164373230
63383036383833343835326139306438636631373737396337306636373565653263636132313131
38616661653133323936643461633366666138326461383465663432633865383065333832396662
33353536313138636639313331383130303838373738633530366137306266623831353539636464
31356139653530353631346565316366646565396638333134656466616633623039613763333438
33303231383630643730656137626464316561373637393838303034313637633430336531313734
36363635313435383134303831383236383062393732316661633331363461626238396139353731
32326562333865333630326362343036376430303933386434313666636364616434613439613932
39376337306438343865663361336361393535346238333062393137336536393032323562333438
32646266653834383636303865636339653236626663616363313364363737623035346431346630
66373763303438346361333832633332353237616566356638666462643238316663386666393238
30633661333932303631366162363033373935303064633130616236663535343465376531616634
38353063346562666334326462653165376665323239363739366263646262363234343936656230
36333136636361616236643365656164633638646630616635383863326366366433373032663934
30663462653461306533643939636137326538383436343534356230623537306139323931633461
63643232366230653264343836616466643861393965663063333965356436663062646136396261
34303662633665613137633333353165656264353562353661346262356666656166613031613264
32373730656439306631663931626664333933343663363639386339303837396532303165623937
30636233313562333932386332373433303131373266613461316635306362613265343232313634
34383361343334666537366666643762386266363763353534323337376436323963656166353537
39623737646661643365336562636538613232623131386537323436313266303130616631646264
33393532636565323034353434396630376433646232646431376165323438393639356435643866
63373666653036346662326164653638323730633963393964346266356464343135346339313233
36663636356532346265336464666437333132623434326261363031383533666433373234393466
62613836343366343163356365306263366633653362396563323162646664316130386162336362
37393261393736303534663030366636656463653634653536343564666530373162633334343462
64626236383037626265633765623032656635346133366462393964643634363266336166323332
65343635366362336532346239376339616438646435366432313537363036336139303436313933
62323462383265666330623532306332663033373531623066363064306230376236393533663939
32326531373561343234346133376137353263313831626561356333643538653361343565383163
39656261646437623039356533323162643539666165343436633331346138343938303737396331
33383764383664396331613736616634646635663637393965653334646235343832333337386331
64646166353936663566623963356363306533306466653432656535643864633861303733623532
61336132383362363438663665323035353765346435613037646161653563393963613062653862
63313361303936653263313766626336663265633337356362656434663234363630393431343566
38613265373366373234656536633465643362666336316539366534333864363031333062366130
37633562633536613239656238393638356634386632336661313335303634643266613638356630
33383134386266373932333661353532633464336462376532663363633136373263336136663063
33306639343663633231373133386332613632623035373563623762326530323164363266343334
36353931663662663362346535346466363538616462333639356265313636326164643834323931
65303130383762646137653939663364363966363662623666303137653530633266393463323638
65323831353430353436326363633731643132363066316261333062376436316539386335376137
66313730333830646438623561663135623966336461356230356464626661313162383830656238
64626366616432326637656531616237303232303262376331323736636536663064383362643331
37306632643661386666643435653335333662366464633262643135396438323262353836393262
37633333643466633433623161653865353636666466393461313639336538356565383532636264
33613436336266656133333635653065343163376132333331613535363534383761393266346237
63346439373063333938363033343235373635663833366261653637653763653737613664336233
39653233633062303936333833356139333938303235363833303533663530626165323662323430
62333061303733663765616434646165393763316531613263376665396239613962376134663063
38623731666566623235653938613838613965326539393266613434626433356139393833363236
31376363303665326631313739326162383538303330376466623435626232343232346332613965
37613133646239636665623063386636313833363863366663366462613363626639383432373039
65336238373162366236356233343362383361663961626661663964303063633431373733383639
61623062616639303930333964363334643566333532323166353561323062326334646335386563
32383032623034623565396262636266343665643838643538376535613236353766633135373731
61323732343230626266323065626438313465623634366438656266393831653663323363646335
34353937323437313130363530376437383832643931633462393237326435373734303438386232
31653432663938326431343832623432343062346361613462306230366163343039353034366365
38663937306561373434636633383234386131356662356633363961396265306437306337303263
63323339623632353538336563626663643737336631316135353532336137666165373033306139
66333232623139343335316537336533386364643633623465393532666266623162313761313062
30626639313537386633323638336663636437316266373930343266633434653638646565363634
30656332363233623632396431616238643462333235313165653531343831376365653634376333
37623936633638363562343231646565623164323232666339623336653835343135613233653632
66623932303533306633356334616631336335396461386262653866326535386432383838373135
64376332633366373732646133363361333739386136356564653938643166383934663563376433
30633839646330366132653438316464396161643062646439333938616533653636373036393362
36623863336162306436373633303262656563656139356137303737346233363566313563656462
37643133383932643964333239626433343063306166346563343138323163306139373234373137
65333137396361363564323633636332633061613963613137343638356562633062343163346662
32613932373132383963633066333430303535366566633235666234393065353966626439323766
38326361663236363866636361646430623935636439373063373165613033633066663039616436
61306534373530633465323334623763313233316137363663373035303966353838623262383639
35613738313431393335346662663037323865663231363763623465616563333533316362383361
30346433623032306635376132346631616565303331363237373736343063653531663735353033
30656434633932646331313832353839343562633036653838616630656161613334363632643238
65353331656630666536656663326139323761356634646437396339643865366162396261363433
35303639653933396139666533623263383465396339656166643861313732623635636635346334
37383832306163663363303062626562306435383062373435373962343136613066383032633565
36356337396233343838363265616232626361646562303834303861346135666661623562356433
61356639393663623737303961633234656135323462613865366631626366363161636263393738
32656338306130643763383265383236653434356136363565646462323038333966366232306365
61393831393239323166383666613061376466393264633034616466666339313632363236356662
62643637643865363632623837303531353963646137336138386331353266393562333364373933
62616230623662383065383336623832343437383334396566633135323761663732663963666436
61323731323966633736656331343631393938616666393434633535386261386639323663306633
39636133353562306631643632323461646366343461636331626134313233303536393032313335
35343636626133646236643234616139613534616335626333333134383361643061376639396662
32363935393165626532303733303432303535616466616362353736383439356438323764343339
36316339373863313539313231633363623535643533396261396236313033643034376465303064
30633238653738663734333935386563306635353235393134356663323935346261363866386538
64376562613961663933623736346461623265353837613031623666656362663161306234623063
36393434323039616363646338353934356536356234376362313933613361623633626234663263
63386137346464396237626239353765623634643238333334306330376331663034303062336465
35643166653733643435663832383565613336646461646237323662353235353230646165336464
31326139323430363463616166353264346539313161373738313535636539386563376165363336
64373237613535666666353437663034336131306639366564633866376233333062663163663337
36393864646533636337356561643762353537333163653234656366343039353432656439343263
39633335663434623064373537653435306164336635633665313535323061376530333735383633
33326363653966646632326536303663663862393335366134653366316439643535383632356337
36623864336465393737383564383938333532643235336636363831376434326339623832653831
38366438356665323535616334306466643166373134636265616133663364386334306162663234
30303436653466623437306132366663633735353336303139663266613533623733656435623335
35653864663538316333636663333836363962643062366566326231376465646337383632353866
62643763336338333038366263376238393462373564373039386434303432643538306334653736
65383163343531646239366236346132386237656335393738326431383730643762373661383964
36623838636131616465616534616464303438336331323732633564386162666434616564616237
39633835363937396631643638633037353966303862343331643931393332663336626138353166
36353863343765393633663366613436386365656265306434303566333133346562373130363536
62623136393234396464653633323733646134643633363466663165343331646337623465343532
64333061373962356437346337326435663431363961323732626536663634363063653464306632
63636233376461363838346335313436373937663936303965306537306335616236616665303234
65636364626137383836343966326164393964336530333561643336346437393330636335653131
34626330383738343566633438363738613738393839323061663932633161653165383837316537
61623462643563346165626136663037386436323130346339396434303635666134656563356462
35656331616434346234333230666334656536353335363437396266333437313363356331313765
38633436323734343335353139663439313939643664363130376234343236306132636433666231
65373836373763383530353633623731376165393435633961623864363039356230306434663461
34646164346362386432393832303862383634323734666165646161386235643139343337343334
33326531363664306533396465376635306562373464623532313761383930386235336665626335
35373531633464343736343363336535396434386365346365353766656464326464636463336430
34386537313565326531353763396433333430346165626362663530373761623565333635376661
32653735653736343762303163626662333637323934316235336466313634626431366365663265
65653562303434346637343134313736343863653163323863303262663066646234633431613862
64366264366334313539656634313064633130343234313934393164633463393863303637656539
30303635336336373132333666326330353138396531303962386165316239323433633161623339
37386139316630383464373066646464613839303961383139636339373434316264656533643164
32623066633134643430363034396666646331313335393739346335383661373032633335646539
61636634393065383334653863326337656262363537343966666532646464643562333531356332
64346434636662353831383435643139326137663861366666356535356530373632663961353833
66373362336362613432636635626535333432386566323532616233363935373736626564313236
36666664363938386666333834333664636433623833656361666332383463376234313864323837
63366239333337643735626663313531396265313838383339643034333336356665356263663238
34623132663338643265353634663461346436383233636666666563333130366634333462666538
66396461336564383565343837633338303764646361636662383639373861643363666232353630
35613366313739323161353766386539383066346539336261303639653834386339373438313730
31633637363662643332383963623666386439636565623263396233616335363131643838656461
39346363373131383638336163646236373433326330356139356339653966666237633563316238
33373939313762663566336366313762613035323632623332343439316466363631326537396166
66636664326239356563353733313035623437393666386535316338646632346435383533633031
32333835343636343832653431366161346239653036343063646237383164363566666465653837
35323363363264386130376237366230386163336434386338633761633963666233616236616230
64663338643431326237393163646232663261393364333339656534633736333833646462666534
31663732393966363961386630613138653832333230666534646464356665393238336134633366
35353630346264626139653461363135356134313363343236303030313362343432393834333333
36366432643764636135393032626561656133396466636362383066643539303037656536353739
64656639646161343634386666373763326535353365653133633439363663313434623935313265
39663634643563663662323262366336303664626631353232323435326664336562663137323064
37663033326663656431376661306664633232626337613964626137303534343566313565303263
65343933353862326535313531653039623137316263663739656436393463643762333638653532
31666466643038313331653130343732643263636431613339343336613962393934333430386261
38383031373237333931623931613663336631633231653965343765393966303334353763366435
34643230333932636330336538323234383761636432363464346438323966663631653962666361
63623065313961366533373165663864323239623762313865666334376164393732313938643932
38373237303766363762353966656163383932323538653861626362623735346437663165376239
35353763346462386137653039393439356635633766396537306164333934396334646664643866
35663363636363353066653965646436313765646364613664303733653062306637316463313230
36393839653232623939633432343438326163343530326231656361616330666363306564383839
33666632383062303035326366353534323437346335386539636562363562383261613839666637
63643137653830303630636463396436623465363831643637336632393464653965643530396636
32656235323037663966643962313135653133336465363737396464326466636336623536623336
62656635346263383661356238376239343762386566616638616232303735613962373864613530
33653433343338363038346562646436376532306231646532623437633161613564343261643437
39656239373334323433376339656465333734666638366430646136323266663337393666323936
38643966373233336165383663326136313030346436386534316663303065363039633633343032
30326164613830396339626266306331303337653364613232353839613131393938613037386664
66623761333834313462343930393739396437623466663033346633643037363863313361623461
36633937656133363963613866663138643637373137633237323638393263323766376337373936
34613333656333303264386132653366366230343832633664623939643233356139363663303531
33356432303961373035306264396230313332323265623731363436373433363566643735373938
31353238373634303733633163353761623732373162383435383663366565353739383132393936
36626363623764656265383935393736346632666337383334303661383563663964636236653034
62663364353063643331346333656532353230636539323333316135636364393232656466313839
31666134393331323463376232663665646338353962653563653738666362613232656232343362
31646535376165613632333562366638663064656463366462363061353035666164613832643264
39353964393666323937343936396561336135323538656234313366626531346433646539633136
32353933303833353734666431336238323733363636353635313665616164396262313666633632
65616666366463316633666561396234623362643465383861303364653464313630366332373936
61646531383866303837616438653964323331316230343265623165343338346265383061353235
33663765316266366265326631363531346637333165623931303961373430633033383239303230
32623964393866396535643034363430346336666530326666633035626563613139363535383732
64373938393738396136663138326630633337313534626162333335653933353831316364633463
64356465623762383330636263643332666561333039336561383933363866333565373630663531
37343766326333333634363264656531373962303539363939616266656237313161303130623363
66383639656134313130636233633461343932663831636364373061333830623166373632653838
61333137373866366239323065663361323736323539346337336634636338386438326565336336
31396465343234353638613939616661383361373030383832313464393930633930613834623433
32623466383231316535336135366164653566393136326261613864333737383932386163316363
32663631376537633639313738383164333166613763616331373730396531646237386533323033
34376266633362633830393937313536666530656166393638303662623632653233313732316566
34653437303030626639616333653335306565323364623838363266306661343536303634323162
30343835323065383833613861346634306139333638633837313531366261383032353537613338
64613733363230373961326364353866396232616339346335663235336661326438613231623436
36316164343330623264616361363632316434303739396562356135353536613361356433616432
62353363663439383733383139303236656562353838303032646234363830366130643962666465
64343933626436653265343636326466643336356534343831643763623161633661356435326632
30393963643163303637336564663831383639613165346233663463646162393739313838343538
30653366613766396137306639326261346534653232303561626539633935616631346439366635
33353966303463346530353631643365343834396635333630373462353135666261633133643364
35316232623739623665353765663038383862326335663439393165323762653664336561343364
62653638643336623037666663353933613663626466326664383034326566646434366335376632
30383663636332643332373830316538623736346665386438343863313062303161386561373133
64323033306362613561353136376533393839383063633934353134623339346130656333396561
32363030353162343737616361343835393663613061663535386262313731333530623162326636
32643736373936666132656130326464616631393462613235313866396536343032306639666666
64313839306139393337363633623134356630613861393938613634376463366437366236666265
37343066316433383766613939353831326331653230353835636430633631333635353034663464
65616538643433656430656138333363656533663235653432396533366434353665323163326333
64323037313539646639383236313563613036396462336436333833386264383437393432656661
38316666333635363864646165633439343139626438646337323463626664326464653530613661
35323936386134316363663732323933343464333862656162373030393335656634393161653235
33386561643831363465636130613737633962356533666338353533303161303133363264333261
61653534626438396261356236616333393664323838313962363833383662376562626533663638
64613136366331663538313630383661316237353163616135303164623234353464643337373832
62303065393931613661613061623632633431363638623439326261626661336632373933313432
63656235396330636161333265366165656236633831646436383632666431343835363737373138
63386333626136623535633032656339643830373034396632313064313161386562356661646130
64316232306334393832643237383265633563303664633132326537376330333137396538303561
38386565343964653331326433363664623061333535316339366364393361636135323963376633
39393566333532633439343739313239653065323963646533626433656562313434643363666535
34356339306637636131316431653861366366383238303430663537306337656166333732396331
32616264363865306662633731346435663464616339633230346462333633623137326331306130
33386330363934386630643934646566366238616335366331366365613933366531393932336436
39653632306233356530353532663033333038323837633533653333393331616535383832643735
36643937633766336664363663353939613238643830363133656237613939323037623663613463
64636664666431313235323634666430393130616438613562656165376136303864306539333639
64636265616362336430383838626135653263326164656663623039386561373930336463303566
63346535643837616263316562666666303438613337323466373036323736323230363136356136
32623539346430313363323939353631303334343038623761333432316438306334396664656639
64386463373635396566306264613062626136356631633066363236323538636638323361666535
36346533306566363931656161393233373735666230633236346632323164646163336433646539
64663539353261373233366631376535656266636462336136333437663335383466623936396263
65343661633338626463613737646263336635373136396563656139363236363731373238346335
66383233646534666439366366316537666333613631643736613362376665666231353264356639
62636432396138326331643163303664363438343364653736656436653936363964343630653439
39646665326131303065666131393937363636343135393438383837663861383139336333326632
39313332393765666365376233353865353664376466613233663165643836323231643331363433
36656665373332613235646636653733613266646531333761383830323134333735303566313036
61333866326665326337316235386663326434343738666531333766333237316435343736326133
32333536316439633131613961653730623938333137663933356164633231383438346131373964
31363630346561656132626463656631663664353765336462373537616362623363306561343435
31656661643362383935643736343463663666383237343865656431396266356634663133323664
30623432313665303766323664316236663835343836643239376162306132613666366231363637
30376564646332323737646535393330306364636637663237393964316166656363336136616266
38613362643337613961336537636338303731306234393535616239316134396439393262616463
62353662653763646363373530303336396631396164663933663763303463646566323761653866
66393334313761633236323139376661383636643438666261656437663163356336626563633461
34303530373930653132663662636666643438356336363033386234383666633730396365303632
34303362336261363563626465633038623866653635663736636361326434613834326231386333
34643864633230363063336633313737633537373335643065353131656165613366393631353734
65666562303137313338303332613332343632393232653161333034663464616337323761356164
63353238333836613566623763393838346663323939643736363038643635623964663437336261
66626535353336656165323966366434363733356532383432383863626131373931646664336666
33616265643833373434623930346634653433396464613961363833633934306461376638333737
38656331346536343866646537343533313539653931636231333538616366383934663161626366
30323464333861663739666137366238396536323362313031613764373663346563623630353263
38363531666664346434303938393637363566616463393631343766353134326161333930643437
32366265336166336262363166303830316664376364373665383030303134623334366137656432
62363034386466636563633432393363313334333865623439353762656239363762346634313839
39383539616430343966323233326433666562623634336364616136396365306662316533306663
32376633326336346165343736303165373837663766623734323264633134336264313330343433
62653137316233666265353561343039356665623739636131303739393035633235316463333266
32633661363538313861653031626163393361383464663262343530356536633831376438343532
62653438346434346234613861373939333663346465646136663835626237656639363530633135
65363531613235303965326563373334366535636333303934646665393636316564303337633139
33316638646435396633393638326131373039656635353832383865396635323238366463363239
34656561646439363535366465376362323632343762333763353439666436356330386636636261
31613961616339326431633536623335303234633036653966313434643037633335333732623362
35396439386164653032663238373866643965373837343536663437626264366161373062343762
38343161643864383931396531366663346435333962383035643337376363343861393036366530
62643035613736326133656333336664323162636235646665623964333636366162393135313566
38386234386166383965386563646534303764623939373065313833306232303330363530666138
38656430353064643037633461313337346637613431396264633233653635383730303039323138
61633462656332366535616233376363353434373364633562346266613831363339636666303361
38303036366538383934313733373162613364353231326564363738333230313563343665386139
31323363343039326365306564626437373131663934343564656439613032356661353263363830
36343663623566396163326263306435643239393734636138613664643534633532353837336631
32343133396332383963383233386463396235633162313631326537643237313039653061333864
39343432346133336365383631393135393561626664653131626166396137343530666463613935
66393262313335326664313937383765306666636430333138373439333164636264313530663165
37616662616237336532653332353734353163336165336565623261353932313237343434346561
33306438663862646163393463646130343737303833656235616461623438343236366166366334
31633838303762636661303831373263363031666536333763363565373766623334626462353330
64333635303937366635383431326363383066613535626335346663636233393137613364613231
33663863323239356362633061653463323436663538613963613830316530353330373430623439
33326636663936656261313339303933313466646566626139393831313465363262323962613031
62363465306139396266313661636634383038653064303433316465353861333032353034623332
64373835303133363433616332633930343835653161376335303730633638653239376333376263
30623262366231376536613661643937633430616131616138303835623630613334323164663166
32333866343565646335393438646535616634323736323864383038643035303164343633616165
61376131323330303165643931666238326366353239653238313035366562333739383235303533
34373931386135356632346361633434663430336630323064663663333363636565623935353739
66653134323366343133376130663636346463306238326365623634633263313564316631353233
38666139656565356565616534656134333033633265646333316334316139326162636133623934
61623738653432363534313066353736613365626636616236626363363961366139323638343038
39303565323939326333373562386434623736393066623566656262346438643438373833323333
65643965636436383830333439373963636462396334393535306361396535343263396531303737
39656235363236393762666261373063316437613161616436393565613030356237333966613362
38393832663233366533633137306537666333633630643864333432646132353530333230626264
65636430623837323031646434373738656265386239373037326533636534393934393364633939
37333137336336306431646362336438633337393530636562623234373132666263356332373861
31613431313331343138316464623461616364363661303835626432383030383233353234613836
62393836656636376263356533363565323334306231363663613534616465663939643530353762
62373630393331313732353530653838343539356563643063396562323332623231663136306131
61623238623833336330306134396566313838326134646432613362623639653362613961333435
31663761653964643331313038623830613231623762646265386562623335366465346564376239
30306162653435613366313735633261376535373066613366366338383136626535653839633731
35393665353636363364393664623330396239666437343036626662336130383065613065386161
64633035396533323236316562613863386264383030626439643966343930393864313765396333
62616134646233656630323461336166633632666533616130316238383266363866356565663761
36653632333538653337663931343537633038643039343133396138656139333764656636316237
38646164353035356436643430616232663135396533386234656336343134393962353161613562
31663862383834306665666431376331396662383834316333306638343433313665636138376332
36383030306461313937626232336438396439316336323339656363373231346462356532363233
36626638333435633936653233616361663336373037323766613236396363366533313636303832
35353065666433316266353566303437633764383833616536323464636537363761633735346664
39633634343631613235343463636334323533636632386133313435383831613864646538643835
33353863653063326264386663316232633866633237666231363831663863353333393733396638
66333465363436633035346535336336326139323237656136303737356661323064323130396431
36653035303534393761373833333162643139346235326262626165343536643435656538643165
36386335323063643466303265376235373837343035333465633563313935343633383363396562
63313037303866623933373231663631376365643764326334383039343337656539383362306234
65363231633636396331306162366132666632343863663836333138333363616362306630633136
61633338316132336431303931303830383839636638383833393838656237373764343833616138
35396663346438323866336234613832623831323164386234353031346432383638396234666630
63323738663938626361363538613662393337396336346164343035636534646165613735353332
66353939393138383831356366326438343463663165343766643761323531643534373463343131
63373633663764373964363731356233366532616631366662333533393437656432363130333665
33353965333637306437366666653062346666386533323439393634326361613239383534393934
62326332656431623439633164323634346632386134346130633931646432303163386334373437
65663836363463663564646138666232353339343663313031336235346463353236666537323739
35623633663435323735336239376431333366393337306262633432393463323038653830336333
31363861346635343837386530363236616439343431643832313561633661366230323165386662
32313930656638366630366364626232366338343930303735333730386465306431636337336235
37303664643933616235373963613836373132363737626266643661303637616362373531333265
31336136633261643266373765626563626136626338663238383337646564333962393666623830
37353839306332356664383430326364376465336239323937383037343939373539663934323939
32373430383633396330356564663439303633363064623531346633303664343635316630386364
32633731396336303066396261383232376665643562313166656233643330633433356566313634
37313738343736616132383566393634626338356136353563666462353437326639313330383739
37333632656339386563393431306662303930316432336130643265663931643663626539323266
37346232383862346537373931356335333935366339356662623438656164356630353261666138
31333333356437666634393764343764396635636164363835323861313563363339653037636230
30623539653033623637373863633237643338373136393264326332383062333462333164633065
66633132356432366563326665623864636536393538366433613833616366393561636566373266
66616133663830373731643539343038643465333233333361366566383830373436643766653261
61636135643234346566313939373530646162613639303134643732333335626366323235333563
39633032376437343733333539333966313961633239623933356162326265323362346539626466
66333862366161366266616564343264623839343038353965393433656664383639343162366261
30653038663636343366626238633766333061636133356565626433636234383934623964646639
31356230303630313931333263343931303130393064303730386666383135386139653461353835
63613935326536636566663932386266633033343631653231333565336365616639363662663262
65333832396435336230396338386562633538393838643633656365616437366130396166623938
61323335303833623435363531386636393864376533373236346639326632333933346566366235
63376534356436366564353939333131653532313735653466323934356430353133363961386162
63613964613832653334393833383461613034363061626638323434376636633061663131346166
38326666393066633662336461383731373230653436643862343361633062636537373662353964
61343134663032373331653038616363343562666465656664663635303339343731373864306237
36313438396533636661333763633037616161306638343139373731646237636665363631373166
30623766663465383162656238306635633362333366643834663265623431616233326238336536
38333433633866386535383466393965396166316564386437303439653430633539373863663634
35626133653636323665393564373434663764633036343036633237663034323739356131356664
39613961373035306365383231356435316534666531326366346533633635646134356530663832
38356638353936616464353062373536656437303062373933666465393731623039393065303137
63666633313738373035373433663334623266663264386533343237396263373561386362633739
33363566613861303031613732653038373163623736366535383538393438653438363531353634
63656162366364303362303862626134613536663465616566613166636438333436643861373637
33633833313162306236303833356233666635333935633732373362623535663434376666316239
64353764383964316662383435663237396562303961323134316336323161396666393062623763
64356335366130646634613664353731636133666363393933336633643934653763316535383239
37323663613165646166353263313432353362646662633735383533366537623935323831643736
38373531666464356533663838623761363035643732643437646465623037666661656632623464
33346261363763636264623639303632346431343936313530333965666532393035356161356462
35343731313764643939643139383038333939313366363435343463653339383130663636643831
30346339356463633133613533383838386432303433616664353430366235386264393233336565
34373539333662653136646538386432313136386663346338646539373861623837626561353961
39303438373964333162353232343132363133376638303335663961333666323134623965663637
39633564323934643438326337656565373561613864336466636662313434326333386335333433
66313131323639353239613236653265643235363432646134393138303337666435316334343262
32666538313765643936356234383239623931626136373666613130356137646239383835376335
66653564303264333535313966356635663364336263303739353238393039633235303633376339
31383564643564366135633039623365613566633262313535643365343764363539336163326661
35626439616562356632313439633133376263303336356432666239386363666632633533363037
65333661656638336461393539366366336131373335363932326230303162653339373735616466
63396265373263333464376265373936646665663336656339373462396639343864333031363232
37323663316238643164383134626631653063323436623036316564353166653664363637336634
38633133643732336530623466353937646165326561393734346233333633376563383733316566
66373930376437613961653131326364646639316630643536646138313232383831646432316162
37633462653431373331616564633763323763343063326461633664303764396433353638663733
32636565376166313138623433353261373763383633646639336632383365396632623765396661
64303230346466396666363362363431313163396466346337613663366165326237386561376130
66336438633534333039393263343537336362333562323162336665353562343530626564326163
37653237376461393265343933376631386565383163363637623964303835306132303865316135
30373666626537363461666163633763346138366134613436333464303764623238376561363236
66343163616534376432313733393837313331613037303238636165343138656531343039636439
33333165326434353765636361346530313565633364303830643465613730373034383738613666
39303165396132623839623635666463636537376462346362363132636235343738336466393932
36373538616562653430336164376639363930353739363730343465613833613239393231613739
37326161373133333133376534383563623663346232346633363235623035353264313839306130
38643732303265366630356565366430646336326137373863303664663531393261613632623061
30326337356661623530326630333135623436343532333565663038303837656333363135623463
66626139633731623838383266366636356338643939623764623337376337396466613933643165
37383331613964303731613835306130393864636537323932326530636463613238346162343061
63366139356238386435643931353631343261306532656238626337306632346231643561623231
35633665633563613763636531616564643238333463666334373235633666363837346262313538
37653330616166343738646562393466613834343462303832393230623265343238666165323836
30663235613866343532616130363962613136653937303964306162623763633561326665313334
66313237633231633139303635393263333162333930663538663935363632636663366636353266
32343133333534373133306431373863376438623333313330396631656265633638626163646661
33376439353766343232323466633633663164613034373639613561666634643539616363623063
32396434353739303065646661343230376166666461343832613338386131336165613032306335
32363034633665623231643761643639613736623130316231366162373133613762393739663631
35396364333534343131343961306137393039613139653432343434316161663462363837336232
31633330396161313832663536396135336264656435373038613261646263373334303133643861
62363231646237336439383936326133356662623864373538383264353463333834373633356262
62396662643631393834633265646339396431373565353634343663613932613031623836326234
35343461323765313966666136626333303366306333373366336539643233303266356536363131
34376139616366363734623332653066366238656432396634386465643633303330663139363964
38373837373763623439363835633961333363333134646132666136613638653330623166376132
66333832623034626434663738656633316533363935373037643738303230656465363934393861
37646536343436343535623538353834616561303464653665373730333130383534386435386336
63663763323835376235386430363233616663616530326535616134636338316434336336613865
66343264373134383632383663326638646230313133616561356130323133373736323361333230
63616338313331353431363663353362363237356661326466633562386439373330636535663037
61656662333166326339343739376635326466386434363461373931333831366432663038323262
34323965376238353561326463393036643338643661623234366436323335376637666533643765
30613537383432633835303361366366356137613939373166353761386661333161643736363761
37306562363439366437323734396639613765346536393431613566313839643233613630326234
36323934303964363964333231636136633535306434343761393138663137616134383163336631
34313133383231393831353436383230653039656536626161636434613933383464383834366366
31646438356362646162386237666664383032643333373566303562393461376264393839383164
37633339356433623131646564373335396662626136613764323333383866353233633262363637
34346237646538303739383535356130643263353464373364333266376634376163373134373237
32386633373432343038383234393035653439333139653338313731653765396438623037353664
63336532626133326233643831383064353130323530633532643837666664333131376137316165
65393336643234656662646434316138356531626138626436666336313837623133303063333165
31666665326132643731393765333566313737653935626435383932616234623766323964303264
66643766366433663263363537623663363937346436326339336166623366333063333965636266
65653238346462623435646133316366666362663739643331616663386265643863323535306162
34356335396138363532306633643865393636336233343561653662303833656439353064666330
36393031346135376336393133663865643030646536633564393665653863636531396438653765
62316234336461643464396331356662316334636262613734393166313130616233616236313263
35346637313531616438343035303362336337323735623536643965623237653166346430613335
65303665343664393462333038353538343737636537613633613163316332393237633463313738
66663166383538303661633964303561633834313163623537666333303161646537306364383532
36653034646537633033353633613431316538333135303238313038643337353737326636646133
32363866363737613965323761306362653334363338613361663962326237626639396237626535
64646431386533356231316536356335653535323663326362396230313137356139396436383063
62393536663933666635663165323137663935333736633866353263366261306437306535376430
30363533626132363362636535306333363035376162343365626162613932613137303839633934
39363239323130326439396562326563633639323636656534343862343736623665623961326534
62666536336139653234323138663930313063613166636161356439356433613031666365643263
38646237353138643739306633316234383732366664316332383534613762363138616535346532
39336632613536356362616336346561326531656139356362343465326666656232363532643833
38346266356664393064323435636434626639656630613565313439386665373334333362613632
34396235636431306463626263336164323236643939393365343431323733626664393133386134
63623536386338393864306566656338633762633866336336303333613235306238366437613934
37313432373938306537333366633037623839626463303963376165653533623439653262613162
39393933323734353962313634313736386335653538336235643066306337323231383733323065
31356232376138343735326261386163323762656364623064383336333566633930663465646666
33653733623835646535626538313731376664303536306162333364373832366538633761646238
36373931633262306432393339653530316336626663653131313038303063376264393731666338
63366164393630303531383335623666396130656633373761666366373164333262633039313730
39656130313330643438353032386461643561336135633332326536326336326562393331366132
30386236326165393963666463333532666435303966623333393038313933383035393538383936
61393031626639613934386433393166633364616135383135633137336265353136646131303633
31626439643230613830333639653664323032313338656261333131626430643135636463386535
33376136363332393432363365323066386638616237306664356431656165393537646165653861
37376530666539626432376134393430333565383166633566656638626637306165653861636139
62633731303834363039623337653261666531663839646431656437396539636262326435356336
62643730336136383563633463373931343532313334666561643166303461666263336666643863
61346465343861383163626265356134646132313035383065383464626238303332346163396439
33313038613262323665383830396533346338336136396464353935636265363962333239643262
31636137653066326339306333623339633064643131626665336432383131646134356639323039
61623136396333373766316133303830663035363164656265623765373665363630366534623830
66306135633830323432656131343763616564373162353966303164386363363364366164313661
32616338383265356662656139323130323031313165363235346361666462306430393930363465
66373464626337343638333862383661353564396130376336356639396236343466343337303533
35623164666433626464333933363764643166323164346231653731383636353135353730336439
36653465653838373535373462636634386564376638646562313737366365356237623633663836
61653865306131323335643633306332636337346634363331646331386234663939333232623633
66613365353937353662626565366130393964393537333563326562613035333562346562396437
65353637666630353035353763356562383365393935393339393735643866643932306564626132
64393661383037643534373435616665623934633261393563356431643439373364343539663764
33333333363230366630616265343039393865626233666435323233613734383264616632653437
30336564356337326161363135633338333332623666316432303438303865633934316432333062
36366363633938656366326562386139633664303532653664386131633636333531633962333033
37616464396332323964393433653837386239346164306263353335333337376363616130326563
32353962653432353438376233613665363266336564653563363438633035353462326439623737
37323133656663303232343361346239333032356165363061356665363664363463623866613466
34666130326439643161646234333538343036363037306663396133396234373230356632303761
64376233623139353262656333386531323962356235303664393236396330326132656631373263
61363965633739646162393764323837313333323937316661316630396438353630613633336531
39663131353637616132323231373836636538383064383135303063323861333138316563616332
32353464306633323332313030343238643136306264363761653063343230626330616236636565
34643862633937653166663634353365336464373531366264383465386336646635373064643539
36353865343333323236666239313336376663316365356134666565363936393666346134333436
62613136343664636263663061653234333331646137376362313563373361366533376631656564
61363864616437363266663062663232383838313834653835393063343535663739313532366236
31393161633834653763633961633234313032663438353632333166356330623662396435353862
36646638626165636362623531323665396164393661636361343130353432376263643637643531
36366530666235656437353264303765653432323630373430363739616238346130613439376166
30333536333461313365343933326339646537663431353238383837316331633339376432653764
62363235343237346163643061356232626436356634383836343433306363373731626661383334
66306461626464663666333463356136343730366537663036616562656563313937356432363561
65336264653632343966653761346561343663346434343563313636666136363930323964353333
38363763656333306431343830346230303133353531316562373034663633326338626431623666
34666161323438316132663832346331626666646266633031616230313436383336376432636366
32366335313463613861323838333632643031376661353565343331383834376332356436353566
35613064356366366632653661306464306665313263386135383965323866373838333563623166
30616261666662363236343264313538646535636364373663356133303430663166353233373064
37363438653232373330636237313632646466376266366232373333363336383363326634306334
39346137633365383966353865396262376562373934356666653961386161393361646264393761
66653430363633623634333233353761373662393739663161646365626339653935643331363165
63346234363938383734633761366563313361353434373538313932313331663465353162366166
61623634306238353235373761363865636334653231653637363333313964343962333130313361
32376462396538323230373734366533383935326232346130393635356461623732373766326335
34326236326463353166353263656636336162383563656165336239316438366234636430613338
66656333656531613733303461376436663862343330353134313239313464366137623532313533
36336362363630633561303930636662343338366164643862333030396233666361306238383434
61643430353761613534666161363933303939636334666438376166663461316138303930303033
33373031616338373561666434373931633964626633353962343765636431656164366264653064
62386232393431636436363235383437626439323964626431663935356435353461323135393337
35343535383439393463343239303233656236313061626336376330363039366664663938383635
39306538343537313439346138396664313437663165613462643066316536663162333439666530
36396536366334613266613337613936316530616434336437666630356530303733386164633064
33646337643464346165323931313464303338663737613665343564626362656635333934343339
61623137376433323739646630663564653062343630396631613332633130393465373165373062
30666637343238613039663630353538353133303131393939313465633630376162316330643038
64353138333832666531636236356238623261306663656463353130326666623631623565303431
36356231643661333965343263613338306366373361353830623436303161383232376630323635
65643132663863313535333533353232323930646262646261333037393031373331346362646631
37613138623237346532303232616338303530323530323439323334393833373961333231663834
39303831333636353063343834633637303537613931343965633364353237306430323032386331
32303539343637653365613639623934393763306433376432383562643531386466633364313831
31316364353633623365383137316234306539383365326232373061323734346562656266623261
39343262303431343530303939646563663638343230386262633830386566633365363364306237
62393262663966646164663434353130363763313963306261393233386661306363353332343033
36353630323239636565386563636165383836316630356337356366326334653364643566643734
66356136666661656565643866643161333930646335393131343731663937623665383461396634
37363139333463666664316635303764396233383330363463613531643764633163393364323133
62373730313864303032396234393362393964616139393733633866376136616364383561386166
36356230383865333661613936623933353230393963303231363433656663376137353766356164
37303063326434313337336566323031323262383334343631383563393231366630376235663037
37346535613733383638643139633264316336336231626161666363623265306236366134613765
64393161316635363864386434376636333163656430303064623461353865376365666438363763
32393864623165653930353633326561616565643334323339386330366365646666323461386633
37363031313934306333353334353263373864353036316463366665363266356530646333323636
37386561666162633830363031633962626437353862333336333165633961353732653962376261
31636163653837643466666332336262653532376532636366623766353165343035333064373335
64353165383664353462356363623739333633343161663862336362623430333734326130323563
65643963373931353637313465393163346565343266643632613664323730643138623233323966
62356366373863626439643435373762306632373035323337313364396562303330623936306163
62326233313634646232396337653536636136663536326638666331363635353764373238643139
63613836353063643838363664643635316433353861313731366461333638383738656535303238
39646233316465323133313965396666643562313931396663343763393138373532343336343831
30363938636334383630633563343764353534663763383535346636613536393531653535343663
34633830636233653931393430333939663039623634306566353563633537633531373532323133
63663563303238363664663163316633333039616362613434393261663835303338356539616435
64313938626664383739363436376262313562316630613834333037396239326134636431323863
64313365623738356662653535383566326538613335636639303265393330323766626339333336
61356434383338663034626261356635363034373666343034626634623130663138616338336630
62383463356236613534383461343831316636626165343332663661643532323365333235343130
64363839303235636634316630666565336266633463353166666665383630353236326236623430
65666366373836373563626361333166653830333038343762343463613235303036363366343736
39313564653034323833386463633166386134646139353033363764313962376561623361663033
61366232623335646438323631376363396136363831343135653534623362363930386430303765
39353161306163613530653332636237616663306462616135316630636133393138303831363763
62343835626165306534383531653266373732383861643665366564373466313138323030323664
38343431646635356466353038376333633835386166386465633039356362373138663763303461
36366134663934326234633433626663383462386239373337326233653732336263313236393031
35643831386161666537376162393366663061633637313864386530333837383564623564393439
39323337636566383662336464396133396537373833613064376566356661633034363335396633
32323533653061393735313133623237366634376330343635636537646330663036366439646366
61386161643932653033313465393064653134313663356464396666383539373665356232643638
34626538653839616433623737633732626163663033393436623336616137326334356634623236
61316638666636373166323265326634343332306565326165376362333337326563663432623137
37306332346266373630373065356431633362376361326163323263636561303337353564393165
36356431333061396537626464383732653138616362396633323130613932386565653266333937
66616536356131633636396565653164646636386236656530323437333936383038376633636466
35343433613863336330376334313161373033613936393339326437383936356235323839613736
32386437356633396330646237363837623964356139303666336663353765383736653232393036
36663062366461303064323536666434353730346131376330333132346564396261323934653965
62383937376266623537373131666636363366623261616135393061316261373061323564353134
36653935333234653264656535623334636666633939663033363938373038333331343032313434
38643166323964396438396532613066653663636436623231313061353236623731326266353266
34333738616466386463373937376561646635343531313161376431326265303233626562363632
33656136323834383730383663323738313038333062623438343465613566333361363563663166
31376333656361373066336132623431633664653731613437333338356366393035326539343830
61383936353461633161346561326662353630626536656437666234363130393065363564646539
63323061383631376535363439393132613136643834653631653161386536646464333266326661
66623236613438366363316634306139353563646230633464393636613037306138393934333739
63643638303733326531653033346530366161366635383133643264373836316238363538616565
31333732653666626364353532663334353133323934353234356165383839336463643162323062
39636666316665313032376231383163656266396332623464376265663333663165323038343232
33653630336533333833386430316432333239653237393739303430313365653266303730306439
39643366353737353766643131366135633035633435646463326562343134663536386434393635
39353530666139646565616362333266663832343665666162323065376131613665353261633038
34353535656432646233646239356132393839643933353635353938306137643738643165633832
30643734666435326637373236363937613765636137373466663666373734383938396131396139
36333739616639323364636437373839373632323664643165336262303263303939643365363436
62396663373236373735646166386461303737633438323936653261653430303831316264336231
31323062623731663733313235336439343232613232323563303036393438663530633866313030
30613135353732616564636332653334336663613964376433303466356335336165653932636131
63656561613831333731656135366662653630663036336430646564386237376437306461343734
61373964323333333662623431366238626636363739633032353736613430343530363330623863
61303438613264326264363737386131353139396139653661663031376536373636303962323436
39313236326636643864653461383663363466626335623731646435393735663264393734303733
35613330373437666234
