$ANSIBLE_VAULT;1.1;AES256
66383836653035396433383134386263343936346139366139653535386235333837356665663462
6363373036396563656135313736643930336130326161310a313763363839353439373835393263
61353561373966633132353861336136333131663537353835396263386434373336396630343139
3066653130316465360a306562653739613536646636383431653739363938323934653730613937
63623134363364373361373331656331653066303539383161333332633837363732366261643635
31636565633133373232393332343335616434383439636561653232363631303961396165376463
64386665333163633039396239336436363836363864623765613766356432386561303761656366
34316133363638333136383963366333653838303661373564653362356562373534353263366362
61303262643064613863363136633337383732386336366666363131346232383564356433633766
33306363633362353161626139313835653236393232363337303537386138663730653865383930
35323361316264376534383434633439393735313431643034656266353437316366653361393762
61643264663261633361393461666132303438306263646261656466346338373562356135613862
64356631383761386464633762393739643363323033363433306332313738396334633035663131
39326332633564383134303562373532613465346662306565643666646664353561636437373562
34316363656364303638326663613661643363333539303038353539333461643839323339383937
34313238323930613839636563383264323664313532636637303662303432623231356566613563
36636436316564636437363964633863373964643566383934633561646435623533663164653838
34643834303363616662396466326162353230333463623935303831656338373533386136653836
37666130396231653262336438646539313634326336613963323335316538396637333531343538
34653631343061663237373837386634643135653031383135383338626562393564623462643661
64643034663536653632633632626236343631623035623133616563396634653064666163626235
37626536333532383264643336386364323535333432326430616362333666363032613863313262
31633666303036303033366332666232333435363435326233396637326632663431633037353765
31656666633335316235343561343036346562363135316636663263616161333462303837626537
64613232623337346163313433356236636561323263653165366332353937303934616530653338
38626437343062356366616263626439373539633133326161383962386364396261663435663539
31306233636264616431636631326162656562353135643530363234366136643462333364396535
64306264333330333264366637333165623966633131353536666563666331313062356663636132
34386132326339633261613964346539383034646633323565306637346338396632376436663762
30383266336365613330313765333163626266363736623266386534616562336338666362653663
37653235313136626338633965316535663630626239363163626536313532373665626431376266
66396163353865666230643036363138306438313965343330623137323265386330643038623332
65613562643533356437373836646163393962663933326364363134363532316333336161633834
36363833373961633461356166643966323937323630613061666363623562666630373934396437
31333135613736393861383834323638636634653564666638336665333633363865643636663337
35316531663461316661663536343333313436393133313030343561356666336666663533383330
38353630316131373666383665636634393832623833343334383161313266663831613465623730
38316562386234393138326333383830666236343139623966633639316633316464306635336237
32313430393064313335386237353538626237623033353734343432316130656333646561663365
34646334626137363133376431323561663135646637393461323666326537373465353063376337
64656137386634613632636661613934396531633266353336333037343962663930356536333238
64383437663964633266326232613736653234366337396637653365616233633439326532323339
39326166343332383132326266343764333232613762323234323064643830323866313635363435
33656464633065376235663362343064323834383362313062393739666337306233356665393666
32336135353361346161613137366434643137326663353334326330333562323735326436633538
34303765653031363064653130326138363436383964663234646639656165383936656666306433
66663231656466353635303462353563346265323538393235306439373032666632333438343239
36653164646332373036303661633533336432663538393638643234313231353637333636363232
66353637363733616564653130633264393631386334623334313531353038636261626131623931
65663163393261383933393536316139333734353462323639636461383266633663353962343234
38613632383162356564663235643266613162333864663265323333383662643935303632616135
36396131656135343235633334636666353062373664313264623432643535376231326230333330
63663431306262636134386133326437386266376238616433633766303331343136666166636561
30653566633732376638626261383662333766366535646136393735336537373765356163376535
32653266313639663835663532613133363932396332356433333530396531323031343938316339
36663431653338663135383765623835373337383534653533623264616538313439663132313961
34663132346265363263323037353562346564626430656335383331306665646566653531663630
30356335383964653431303739356465356539366465313533326238636237626135333365363734
61356435336530643663643433363165623638313261373934383631353337643432386133383165
62643639643862653861383065316663356136666135633235376438373564373061303463323333
34366364633935396139383631313835653230643336633362623035303864336631336365366230
35613666343939356161373339613137396533313835393232383361626337653339363264353364
37356464346363346165323761656136303162633736636234633530323564653263656466336564
33313565656262366634306631343862653261663863333336323466653939666136373564636232
31633363393939346339373134333133623735613030343939653337643435303033386363306465
32353064356432363061363539323461616431623232396563363131383261333335613735396437
34623932343335336539613536633335306331393566313439386235396563633830313166386264
65343739303135353733396339616135383437616231306331383732313135666335616533336364
61666435656365663965653862373863663438656333393262613237356664373439636331633964
36626365313338343230353261353963646162363730643231303735383031383736663333333038
32663462393333633465303730656563393833333033323133346161303430393132353733386465
31303765313330646232313431303834376530303535383232663835346533306130306538343165
34323230386435373439353065353235343935303631313664343762313736626464393561613239
62383033653136376335366561396336366634323331616533373230333535636262646332373962
35303233323364643537363033386561333439333662616461383935333364623638393634306630
62303333336465373661343462336135333135313838656530323132303037313864313332666132
38363465666433386466623464623931396361306164616531376361623637363537373738613531
39333837626430633030623765653263383032343264323064363163326662623437393262653037
62653538616561323530363763396364623738303130346338653739393137656464313961376439
62653231323462393833343537363032356439643330356139333761636332313961313037336561
61346265643962333537383233646565306363653537353630643766616236366366393535316461
65386231346539326134623438656632376432336335363262373834303566323337316330313465
33393164356261323563373931613831373930353861313438613239613666633035636236393531
30376565386262346465666565373133656237613835356435653932643538333065386533336439
34336463383038656431393030663139363161313337643965346436343439633963666461363833
61633936653765303765363737613932376235623564356263306530333939643766626163616131
30333338313061323637313266396262333338376635376135303763643062386431366561303637
63393739656365343332623739373564356639363034323935336435343535633038616433623563
36326235386664386661663065393935333439633438363138383534363865633364653135306364
61616235326461626636303035316337336635313235646130343238633962633962343536643939
34393163386165323832633932366564663338336134323739633031303266343766643134376161
61393230626635636463373065336332636564303731396634386437306531623631303462376535
63623138636536633137623833383336343637303337333534396238646465303534353132626531
61663161663137623631346237356230303534383765633335626532663834376661623530386335
62313538643664373238633037646634333165653432633435616133613834346366303065613234
66313232653664306464636563613964343865323064353264346433383737616666323364306333
39386431643632313330393934343865346634356237626333346662316466393838643233336632
35383430313137636133633038333234316561303565353139633539623433316236363431626531
32623733636532613264626361653938636462613337623863656137303965373961333938353536
35663437613430383232393939346333656336306364663337633166373162326433356234653935
34363239353561623739303931373636636162663836663563363935613439363734313737616261
32393037393763333864626336346665633036616538333165316532313730373462323630313639
66663335363831356137653139346233376331383333323232316433316164633031653361353434
37393930663634623932386332666166643663396361656261363636393565633539613130363838
64656636393365613732343133376663613935366166316161346262396262613164393362663761
37343133646661623638646538303833396462346165303662636362643965316166623365646134
62636534303134373034313566383335353236343431323634613735643533633831336532343230
30613561613339333766643366663165653335306130653863316236386633323230626332346239
37303266303038376462306532663732373132366636366334306666646661343362633064363763
63313532363163636639346530353263383833376264353266303130303238396531383466343763
34343861663936656430386231363763383232376362303830643430346365346664366232623937
61666264393766323436346430383762303939636262306631656464643437336336383034346434
63333031356331626130333763613361396434356334303164323262313430636331373131626530
35663361356235663166333339373962303234613136353436626434366438633136613436376636
37326661326366353362353863346434313837393162396265323838316663323237386265333238
39333363363430653666643966326132323437663236303731343233363366303563653433396539
64663731386230663436333733396230373937666337366337363630626163626662623531626138
39656466333535303162656666333034376436366262653638316561393834373535636466343632
38336263333039623131613465653636383830643130383634313234653233643039316234326335
37393532363830666535626265633765616331346530316232653838353731383863653465643934
37326337613638306164343238393236613330666161346534343232666633633331376330366465
38653832333332393566393365393732306364663764633036303539656431326331306531636534
64306330303931663764376332353730316432343233343037343632353530623532333731303131
65653063353761303034663831346365333735303338616335343365323162666430353562373435
37616366383062336239663837386436356464616164373931613334616531316233663862336661
34343266666366373762353635353439336439666432373564363037313433386363623030333461
61646233386539316264313962616537613037333764636437313536353961636334613436643966
61373637663134346238353236383931356535303565616335313837306235356532623436323463
65636663633733346264303831343038633730366636393361323963396136323239316338306166
37323264346465313632363738646534353165633138343634333562393139626632346532633665
63333162363138643335663736663862663531326663353434376634396534376331613833623161
31643439373161303737373734396633396236333762376562336231356137336438383535626336
66313631643165386332633361643966373236366338633533643238666139346333333064323937
64306631306162363538623036373430633765356665653166386661666439643437643034653166
65353333613065383164646635666163373434313463616365663938333935323461653830323938
35663661363165656333303337373737363039353133303732336664313236386332653538333765
32623262656665613730666535393436316665303935653634333265386161326337663636346237
65333665616366653338623636373034643635316562646136313039333465656333353630353730
33306136393836356239376266633933396232656366666465333039336532343662396332303730
65303737383638306231383764366662383432663361303633383438383134633338626637666362
31396264376431303334316535636562323934313438666330643738356439633564626166346230
65636232383739323362613634633032633634653262353364326535353365363466646631326334
66643562616436323266343034633137363332343331353663646363306631346163393764313430
34366335303339353932323963313566633336383461616462333933326539373566663732623638
64376232626265393731653861353335636638623633303037646461313265303438326464313935
65623530333961346639393536363637613162323234353938373634353733616664663062643530
62383336356566336261336538356238306134353333353164653964663064353465343239356532
39363162353934373330393930333963336162613266646231383033663438323762663139626438
62306630653336313833363835633535353735373837363938303631373037663164343062626663
34393363383161613763333966613238326666626636623366333435326261656131316566653365
66613932643361303036613231653863623662363439623438363934613063333331383561373233
61393463366531373130346161336462313866646538333337643733363732323362353936333330
30353635386632343366653837373337656464613766323132383734313030376334663862303837
62643363623437653963346334306330373666623433326463316466356430666564666463346432
62363136346130656338323763623862646263646566616165333066653536303930313936356436
33643331303263356437666237353834616238383762333632383133303137313232633739643832
35613030623163353762646565343164626335623639323630376531303434363331663634646632
65656432373537346565346134386237313162633635666633626433353438393561376239393834
61643664616235303666306638613062306431373262356533626233613037303630333030393036
38616430316564393062643966386134383762303262643933643766313562373132336332663539
61383932313539646132633863343332373564646564373332653238636562343234343561343866
63613435626463323538666665623062616533656338383335353064646662373764353564323034
62366330653362353037326361663933323566313339346532313230633164626231366232653638
64616233393266663266616366626430303764353231333635353562306339613666326163656132
30613163663038633333343364303634663763663162613938633037373165306638333039343161
37373063643337653432643465346366623534366565333833653439383433363134643230343930
66326131653363623661646436346330363661656330646437363932613337616264376363333039
66373262653933626537626637373830383830613539386639663139336366333832656431356130
34323733306135343135346639636430373238373533653438646531343261623035613364393135
63623738623664633938633336633533343230393036623036303231613235656639323736353464
66386565623563613165313436396663396466353738373731353237626364613237343937333462
35653466323261373236363436383035306662376335653361346631303765613834336538363032
33303036343732356532663533366264633632373961613639386461346639363137656363653133
35666161656566313831326464643262623334323838336631396332303430643533366165306365
38626464623231363362376436376462303962386437346538663736323136363436306364376663
66636362323031663337643734303131366461303237653630353062646561663435626232616331
39383333323363363233313530356165373434313833366162343535663661333363333765333466
39396362393334363538666165613531393066656362326538363537613963643762663664613164
66613963626335333461643238646437356132653137383061653238643961616361656663653365
36393633326430373234343336333562623138303464363633616561393738303164313365633937
31663337666131333166633661643462383333616361323962653730366132396363343130343766
62396463356234326234636163373535643639313438366137396136326236366663383834396535
35326466636135323239383132363764656137613136323061633536356463633037376632396137
65613239363432366530323732333461303637356165653133373965636662323833656131386264
66616134656436653531646164633462623535313338613335353662386661646235616463336139
66646239373033656633363635663665633031666530323334316431393661346365356535616663
64393161616661326664643435623739363163366364636436323165623461646564333536393438
30306339313832333336663763323239393136303638363664343632643865626435363139346136
36373765323232656339383131386537646338326138643634633366616432363030656463366165
39316662383135306530643935653363333066393363303965383263376135376635366562623537
30363866336430353361623633303539666464646362633061666165396664633739613131376339
31383761323765303536303736646163663461383633316230626535373636626264343833373438
34313838313765306439666439663534303864643431656532316466386664396337336533613439
62656535633234666134353964326135323033383063306539316335383361353333353433653537
32323439333733393861356530313931653262323136616332396136363834653565336261613736
31616431393737333561
